Treatment_Gropu	Control	Control	Control	DSS	DSS	DSS	Control	DSS	RCE	RCE+DSS	RCE	RCE	RCE	RCE+DSS	RCE+DSS	RCE+DSS	Start
Taxonomy	Control_327	Control_328	Control_330	DSS_334	DSS_339	DSS_treatedp	D_Control	D_DSS	D_RCE	D_RCE_plus_DSS	RCE_318	RCE_319	RCE_322	RCE_plus_DSS_301	RCE_plus_DSS_305	RCE_plus_DSS_313	Start
d__Bacteria|p__Bacteroidetes	35.88665682	44.40910181	26.09467761	65.59593817	56.58849359	35.86117162	55.96869726	59.74736154	77.69625089	52.82089151	58.41903066	52.32551281	64.3609528	45.10624896	34.09562544	55.82887425	63.2839429
d__Bacteria|p__Chlorobi	0.042110099	0.029661777	0.030484538	0.060702988	0.034498932	0.032893084	0.037074374	0.05682501	0.046958695	0.034493083	0.048019389	0.056171899	0.068811797	0.061155535	0.060033867	0.058712887	0.057879775
d__Bacteria|p__Ignavibacteriae	0.009039178	0.004894386	0.008096638	0.008601836	0.005579827	0.005926509	0.00697914	0.005584886	0.006067558	0.004599078	0.006924782	0.009594995	0.005970605	0.012867656	0.009660622	0.011115963	0.007715238
d__Bacteria|p__Balneolaeota	0.00335073	0.002248078	0.002076508	0.004386692	0.001649949	0.001937144	0.003064913	0.004176662	0.003904986	0.002853787	0.00446516	0.004117613	0.007054074	0.005272029	0.004048261	0.004485012	0.003904096
d__Bacteria|p__Gemmatimonadetes	0.00663912	0.004534694	0.004554359	0.006347224	0.004019876	0.004468856	0.00504049	0.006641053	0.006475357	0.005365591	0.009895248	0.010265304	0.014453935	0.007810413	0.00823453	0.006974301	0.00918702
d__Bacteria|p__Fibrobacteres	0.006530027	0.006435925	0.007660396	0.010145756	0.00679479	0.005600455	0.006942213	0.00529684	0.004399288	0.00428068	0.009743887	0.00658818	0.016828346	0.009196761	0.006325407	0.011330557	0.006630767
d__Bacteria|p__Candidatus Cloacimonetes	0.002057192	0.000655154	0.00148322	0.001568426	0.000854974	0.000767186	0.00127397	0.001776282	0.000766168	0.002004726	0.001456853	0.001551287	0.000806838	0.003885681	0.002530163	0.002381992	0.001161933
d__Bacteria|p__Firmicutes	27.41501498	8.553189964	17.57062833	10.1660473	4.848719932	7.3875373	10.25531098	9.589568522	5.993783163	10.36281889	8.306275915	14.06511421	8.932001727	22.23569952	27.98610987	16.58207733	8.275490998
d__Bacteria|p__Actinobacteria	6.073890912	9.362703417	9.356554629	1.712500649	9.108858081	16.69599234	2.96251574	5.996726841	2.731525522	6.575749582	2.874295342	5.698488855	4.017617664	4.902205817	3.219379392	2.737445453	3.143959364
d__Bacteria|p__Cyanobacteria	0.278671609	0.133998268	0.274744738	0.21607519	0.124946133	0.154453647	0.200530267	0.188717923	0.140035773	0.160708286	0.237315682	0.248167567	0.226030039	0.294686888	0.302653497	0.274079312	0.219605411
d__Bacteria|p__Tenericutes	0.162440254	0.098350181	0.248832008	0.244649952	0.080547507	0.174189497	0.172262903	0.21203362	0.061849545	0.122418016	0.159137543	0.167749631	0.091564642	0.144766008	0.248899034	0.192104447	0.138951741
d__Bacteria|p__Deinococcus-Thermus	0.052302551	0.0277477	0.035283192	0.051488485	0.032863983	0.029555826	0.035948111	0.040006343	0.032018416	0.0418634	0.038786347	0.052418169	0.055395225	0.082165546	0.083127355	0.072725868	0.046663245
d__Bacteria|p__Chloroflexi	0.048266091	0.023919545	0.033625475	0.04119569	0.023684267	0.029248952	0.032089274	0.04175062	0.028286435	0.034622801	0.033658981	0.053586422	0.046220319	0.063205768	0.066405278	0.056781542	0.039195886
d__Bacteria|p__Armatimonadetes	0.004285817	0.003866693	0.004310064	0.008160717	0.004784852	0.003452335	0.00409886	0.005584886	0.002866952	0.005082571	0.003140748	0.004960287	0.002351358	0.006306909	0.004761307	0.007145976	0.004585764
d__Bacteria|p__Proteobacteria	15.97179029	17.62817799	17.8162496	18.73141783	10.5105047	8.634789337	19.52623086	15.89690461	9.499731718	16.2389544	20.24630276	16.76213144	15.93199412	18.18039633	29.08321154	18.34483735	16.18074354
d__Bacteria|p__Spirochaetes	1.125097074	0.524521452	0.838699973	1.178549618	0.258711993	0.305454958	0.423585801	0.24394268	0.175440157	0.729142504	0.557615226	0.451443578	0.237279673	0.875937835	0.939564527	1.004084795	0.434965891
d__Bacteria|p__Planctomycetes	0.120860037	0.076164867	0.093791868	0.117386885	0.077637597	0.070581078	0.092427448	0.101520097	0.097019136	0.083184345	0.108109847	0.12904407	0.151823951	0.143399186	0.133615608	0.144421686	0.124017024
d__Bacteria|p__Verrucomicrobia	0.0656743	0.060672401	0.058089885	0.140692715	0.082872435	0.058363647	0.066874195	0.107569056	0.082980958	0.06222906	0.091895262	0.103131837	0.128794475	0.124537038	0.086853595	0.134507448	0.098547444
d__Bacteria|p__Chlamydiae	0.014680871	0.008465618	0.018740924	0.013846261	0.008249745	0.008784275	0.013422844	0.010097601	0.007179737	0.00794815	0.013263039	0.014325462	0.008644698	0.018159211	0.020402314	0.018583831	0.010968651
d__Bacteria|p__Candidatus Omnitrophica	0.003039034	0.000501	0.001343623	0.001004773	0.000854974	0.001169958	0.001237043	0.001360216	0.000766168	0.000978778	0.000586525	0.001570438	0.000691576	0.003065587	0.00326621	0.001459238	0.000883069
d__Bacteria|p__Kiritimatiellaeota	0.002680584	0.001323154	0.001395972	0.003626985	0.000569982	0.000632928	0.00182787	0.001168185	0.003287109	0.001261798	0.003159668	0.003102573	0.003089039	0.002889853	0.002783179	0.003326205	0.003284398
d__Bacteria|p__Fusobacteria	0.129727782	0.070024404	0.180691125	0.164072065	0.049213477	0.114962767	0.102785379	0.120691137	0.046007164	0.072700806	0.101128304	0.104223483	0.058438159	0.120788039	0.133270585	0.115816321	0.089050575
d__Bacteria|p__Thermotogae	0.047860886	0.020836467	0.043432179	0.049527953	0.019754389	0.031895743	0.031720007	0.048711724	0.027890994	0.030684103	0.038237662	0.043263662	0.034717107	0.056566917	0.055088549	0.051030426	0.034222811
d__Bacteria|p__Acidobacteria	0.038322996	0.027709161	0.031967759	0.045704914	0.032054008	0.028117353	0.033215537	0.037733983	0.031487041	0.029528438	0.037272733	0.048817651	0.046819685	0.054165215	0.041057645	0.056137761	0.041860587
d__Bacteria|p__Synergistetes	0.035595658	0.014965773	0.023050988	0.019311245	0.010904663	0.013847701	0.018961844	0.018947004	0.016818627	0.023502467	0.019071531	0.026199508	0.022591478	0.04877603	0.055180555	0.03545091	0.020217641
d__Bacteria|p__Deferribacteres	0.01994853	0.011047695	0.037743593	0.019801378	0.009644701	0.016743826	0.020512764	0.013330114	0.012555272	0.014846766	0.028985699	0.039299263	0.014523093	0.059827765	0.054122487	0.027510936	0.019257109
d__Bacteria|p__Aquificae	0.013543181	0.007245233	0.021497969	0.015218634	0.006119811	0.010759778	0.010671807	0.010833718	0.006598932	0.010967032	0.011900786	0.016068266	0.008460278	0.024583275	0.028107811	0.018347777	0.010565848
d__Bacteria|p__Candidatus Saccharibacteria	0.007948242	0.016468774	0.009370462	0.029898121	0.019019411	0.050078042	0.023356117	0.054456635	0.021465067	0.038962443	0.012714354	0.038111858	0.010258375	0.046100964	0.007360474	0.057039055	0.021844348
d__Bacteria|p__Thermodesulfobacteria	0.009413212	0.003494155	0.009126167	0.007499037	0.002624919	0.004871629	0.00703453	0.004448705	0.003855556	0.005106156	0.006338257	0.005822113	0.006708286	0.010270693	0.010051648	0.009549428	0.005097014
d__Bacteria|p__Nitrospirae	0.009366458	0.005292617	0.008410731	0.012743461	0.007154779	0.006674515	0.007736137	0.006977106	0.005004808	0.007417487	0.008589757	0.011682529	0.009174906	0.015679404	0.015848021	0.014785519	0.008505352
d__Bacteria|p__Elusimicrobia	0.004878039	0.00193977	0.003350333	0.005342451	0.0032249	0.003298898	0.002621793	0.004832766	0.00242208	0.003926905	0.004332719	0.004921984	0.002443568	0.008103304	0.007866507	0.006909923	0.003578755
d__Bacteria|p__Dictyoglomi	0.00367801	0.00227377	0.007904691	0.004386692	0.001379957	0.00212894	0.006111363	0.00328052	0.002076069	0.002216991	0.004086757	0.004155916	0.003480932	0.002850801	0.003013194	0.003369124	0.002928072
d__Bacteria|p__Chrysiogenetes	0.002945525	0.001464462	0.002652347	0.003063332	0.002174933	0.001841246	0.001901723	0.002656421	0.001581767	0.002063689	0.001721735	0.00283445	0.002166938	0.004432409	0.003473224	0.004377715	0.002184435
d__Bacteria|p__Calditrichaeota	0.002789677	0.001862693	0.003629527	0.005685544	0.003314897	0.00375921	0.003286473	0.002672424	0.001964851	0.002936334	0.003046147	0.003926096	0.003158196	0.006931742	0.00575037	0.005064416	0.002587238
d__Bacteria|s__Isorropodon fossajaponicum symbiont	0.00221304	0.000295462	0.000907382	0.002646719	0.001559952	0.001265856	0.00049851	0.000416066	0.000296581	0.001002363	0.000700046	0.000746916	0.000299683	0.001659713	0.002070133	0.00141632	0.000480266
d__Eukaryota|k__Metazoa	12.10401974	18.68632882	26.74202472	1.131888944	17.89368119	30.05846722	9.697736765	7.256958663	3.090030447	12.30754481	8.345478505	9.294524609	5.314852583	7.050870002	3.021382637	3.886316743	7.456157542
d__Archaea|p__Euryarchaeota	0.147525611	0.072272481	0.170675026	0.113196246	0.059593156	0.067454796	0.110263029	0.087309844	0.068250756	0.07592016	0.113312893	0.106655748	0.098134612	0.12723163	0.12931433	0.130601839	0.107223213
d__Archaea|p__Crenarchaeota	0.024421364	0.011278926	0.039593256	0.012596421	0.006959785	0.010932395	0.021343614	0.01052967	0.008464923	0.009280703	0.021550073	0.013655153	0.011434054	0.015581774	0.012581811	0.018626749	0.017785327
d__Archaea|p__Thaumarchaeota	0.013231486	0.006692848	0.023208034	0.007572557	0.004559859	0.007691036	0.01379211	0.006080964	0.005091311	0.005790121	0.012033228	0.008196922	0.006639128	0.010231641	0.009108587	0.010686776	0.011015129
d__Archaea|p__Candidatus Thermoplasmatota	0.005220904	0.00421354	0.007346303	0.006641304	0.004829851	0.004775731	0.00492971	0.003568566	0.002236717	0.00479955	0.003802954	0.004175068	0.003711457	0.007127002	0.004393283	0.007231814	0.004167468
d__Archaea|p__Candidatus Lokiarchaeota	0.001589648	0.001143308	0.002757045	0.002328132	0.000599981	0.001937144	0.00210482	0.001440228	0.00065495	0.001391516	0.002440702	0.001991775	0.000922101	0.002967957	0.002208142	0.001974264	0.00151826
d__Viruses|p__Uroviricota	0.033709898	0.012563542	0.033538227	0.015586234	0.00904472	0.013310671	0.019977327	0.017714809	0.0108005	0.012688738	0.017482236	0.01861544	0.013647097	0.01806158	0.019275242	0.018369237	0.017893774
d__Viruses|p__Peploviricota	0.002072777	0.001181846	0.004362412	0.00044112	0.000239993	0.00053703	0.002861817	0.000512081	0.000827956	0.000778305	0.001929857	0.00158959	0.001337047	0.001073932	0.000966062	0.001480698	0.001642199
d__Viruses|k__Pararnavirae	0.020119962	0.042764858	0.042542246	0.00014704	0.039658773	0.068739832	0.006277533	0.014802347	0.002273789	0.026085026	0.003954315	0.014689344	0.005232924	0.01058311	0.003128202	0.000901294	0.006429365
d__Viruses|k__Orthornavirae	0.004192308	0.002068231	0.006264424	0.00080872	0.000599981	0.00105488	0.003471107	0.001056167	0.00181656	0.001450478	0.005070605	0.002221596	0.001982517	0.002440754	0.001725111	0.00315453	0.0043069
d__Viruses|k__Bamfordvirae	0.016613385	0.008851002	0.034655005	0.003970078	0.002084935	0.004334599	0.024168504	0.003312525	0.006537145	0.004540115	0.018693127	0.011529316	0.009313221	0.005232977	0.005152332	0.009806941	0.012874222
d__Viruses|f__Baculoviridae	0.003974121	0.004586078	0.00797449	0.005587518	0.004304867	0.003548234	0.005225123	0.002112335	0.001396403	0.002417464	0.003046147	0.003045118	0.001175679	0.004002837	0.001012065	0.006588032	0.004322392
